5 67
5 94
2 62
5 62
7 82
7 91
5 57
9 71
4 66
0 73
9 90
9 79
3 94
2 70
7 50
4 87
5 92
3 93
8 58
5 61
0 83
9 93
8 82
7 62
1 81
2 72
9 68
8 79
5 50
4 64
7 69
7 78
6 90
9 58
8 68
4 58
3 84
8 83
6 95
2 50
4 63
0 51
9 52
9 83
0 74
5 67
6 76
9 98
1 70
4 90
8 54
3 55
7 94
7 64
0 70
3 89
1 88
0 55
3 85
1 74
3 85
1 95
0 74
2 91
8 96
3 69
7 58
1 98
6 85
0 67
6 89
0 71
7 98
5 87
2 63
1 84
3 73
1 95
3 94
2 85
0 77
3 72
5 89
1 61
1 94
8 53
0 93
8 70
3 52
0 66
5 74
6 74
0 75
2 83
7 58
0 87
2 56
1 67
2 86
7 70
